distortionCoefficients:
  k1: 0.29167420631991164
  k2: -2.7155126717835647
  k3: 7.757166126072315
  p1: 0.004014997452218377
  p2: -3.912339234892133e-05
intrinsics:
  cx: 322.9567972953351
  cy: 256.11980669092037
  fx: 659.2395778314885
  fy: 654.7163316204009
