distortionCoefficients:
  k1: 0.29167420631991164
  k2: -2.7155126717835647
  k3: 7.757166126072315
  p1: 0.004014997452218377
  p2: -3.912339234892133e-05
extrinsics:
- r1: -0.023553251074748878
  r2: 0.0912272584381407
  r3: 1.568074060793764
  t1: 1.2190459603728352
  t2: -3.2743991471756484
  t3: 14.065379866239777
- r1: -0.24698727600818593
  r2: -0.1009981666191725
  r3: 1.5149110496689469
  t1: -0.7867702986204547
  t2: -3.728744076426882
  t3: 14.488865615378604
- r1: -0.5118729527324961
  r2: -0.3167878424735666
  r3: 1.5905953705291263
  t1: 5.657279663080383
  t2: -4.059840283770469
  t3: 17.314355184807223
- r1: -0.1259200523896005
  r2: -0.15435355183731192
  r3: 1.3308872514166767
  t1: 4.1041021439817404
  t2: -3.5571062855345508
  t3: 14.846681121961726
- r1: -0.16896230690862632
  r2: -0.09349204859188252
  r3: 1.7046644950908734
  t1: 1.647928975029245
  t2: -2.859761915358877
  t3: 13.799403375958676
- r1: 0.10377132945628016
  r2: 0.19284552946406866
  r3: 1.782251402253497
  t1: -0.15315321707919244
  t2: -2.7850703806806143
  t3: 13.767764232283044
- r1: -0.06196884665104377
  r2: 0.12053576273876446
  r3: 1.2890069893873337
  t1: -1.8790084521895758
  t2: -4.387912101510296
  t3: 15.506942669099336
- r1: -0.4788913815694518
  r2: 0.2944083962298894
  r3: 1.3647290888673242
  t1: -1.8083297232272793
  t2: -3.500634999317866
  t3: 17.776550972042852
- r1: -0.5046916375974829
  r2: 0.37649304615418194
  r3: 1.3899850846832646
  t1: 2.533908908941146
  t2: -2.8642595510872724
  t3: 15.390890594685276
- r1: -0.35537068949882805
  r2: 0.19894013711956943
  r3: 1.5037459956031753
  t1: 1.9049387778774027
  t2: -3.1863711911279196
  t3: 15.75953521563518
intrinsics:
  cx: 322.9567972953351
  cy: 256.11980669092037
  fx: 659.2395778314885
  fy: 654.7163316204009
